1637283872.2433457
1637283872.2433457
1639082521.0148113
1639082523.666034
1639082525.91226
1639082528.1562076
1639082530.3775191
1639082532.6355653
1639082534.8892682
1639082537.159412
1639082539.4119546
1639082541.6742356
1639082543.8942802
1639082546.117916
1639082548.330192
1639082550.5544853
1639082552.768557
1639082554.9996135
1639082557.2539222
1639082559.522975
1639082561.7729301
1639082564.035416
1639082566.280015
1639082568.502925
1639082570.7170365
1639082572.9433236
1639082575.1584818
1639082577.3818383
1639082579.6066544
1639082581.871622
1639082584.126048
1639082586.3936558
1639082588.6740324
1639082590.9146245
1639082593.1277769
1639082595.3560305
1639082597.5798287
1639082599.8039305
1639082602.01638
1639082604.2678823
1639082606.5223148
1639082608.7869754
1639082611.0385854
1639082613.3039544
1639082615.5247838
1639082617.7483296
1639082619.9647107
1639082622.190533
1639082624.4008033
1639082626.6308434
1639082628.8764994
1639082631.140453
1639082633.400827
1639082635.6665454
1639082637.918751
1639082640.1455445
1639082642.3615162
1639082644.5869277
1639082646.8031037
1639082649.0266552
1639082651.240723
1639082653.5014338
1639082658.0269191
1639082660.2780173
1639082662.5331302
1639082664.7506762
1639082666.9762304
1639082669.1907601
1639082671.4133863
1639082673.6261742
1639082675.8626997
1639082678.1248837
1639082680.392166
1639082682.6461332
1639082685.0844884
1639082687.2999182
1639082689.5244355
1639082691.739873
1639082693.9650695
1639082696.1804845
1639082698.4247465
1639082700.6816673
1639082702.9479067
1639082705.201313
1639082707.471203
1639082709.699043
1639082711.9222858
1639082714.1386976
1639082716.3634655
1639082718.5847394
1639082720.8079984
1639082723.0493927
1639082725.3148208
1639082727.5663033
1639082729.8308697
1639082732.0819488
1639082734.3133206
1639082736.5301263
1639082738.7563899
1639082740.975243
1639082743.2024987
1639082745.4154766
1639082747.6722534
1639082749.924292
1639082752.191391
1639082754.4450982
1639082756.7105951
1639082758.9280727
1639082761.1538026
1639082763.3683443
1639082765.5984075
1639082767.810719
1639082770.0436513
1639082772.3066049
1639082774.5693502
1639082776.821963
1639082779.0878155
1639082781.3269086
1639082783.5532677
1639082785.7675004
1639082787.9933789
1639082790.207064
1639082792.4320345
1639082794.661269
1639082796.931796
1639082799.1913075
1639082801.4653428
1639082803.724659
1639082805.965606
1639082808.185297
1639082810.412449
1639082812.6349843
1639082815.0145802
1639082817.260452
1639082819.5280395
1639082821.781329
1639082824.050398
1639082826.331306
1639082828.5604951
1639082830.7748933
1639082832.999626
1639082835.212095
1639082837.4356475
1639082839.652725
1639082841.9153209
1639082844.1683795
1639082846.4568233
1639082848.7123907
1639082850.9661937
1639082853.1809406
1639082855.4140742
1639082857.6273901
1639082859.8592067
1639082862.07156
1639082864.3206165
1639082866.599879
1639082868.8697314
1639082871.1259418
1639082873.3948312
1639082875.6170123
1639082878.0045924
1639082880.3745966
1639082882.6043663
1639082884.8468487
1639082887.1135123
1639082889.3664508
1639082891.6340706
1639082893.887643
1639082896.117963
1639082898.464958
1639082900.6894972
1639082902.9013677
1639082905.129552
1639082907.3776345
1639082909.6516762
1639082911.9035547
1639082914.1704078
1639082916.4243681
1639082918.6565955
1639082920.8695953
1639082923.092988
1639082925.3055098
1639082927.531742
1639082929.746286
1639082932.0060585
1639082934.2612731
1639082936.5322843
1639082938.7866344
1639082941.0498793
1639082943.263898
1639082945.4933176
1639082947.7087526
1639082949.9343753
1639082952.1484735
1639082954.3857892
1639082956.6390157
1639082958.9050276
1639082961.1589124
1639082963.4256256
1639082965.6667295
1639082967.8909047
1639082970.1050193
1639082972.3292956
1639082974.544617
1639082976.7697644
1639082979.008807
1639082981.2762122
1639082983.5287025
1639082985.796842
1639082988.0479214
1639082990.2838159
1639082992.5044737
1639082994.7324355
1639082996.9489272
1639082999.1728082
1639083001.386595
1639083003.642259
1639083005.8945377
1639083008.1615603
1639083010.4138172
1639083012.6800036
1639083014.900891
1639083017.1242309
1639083019.3409073
1639083021.566695
1639083026.0064166
1639083028.2536569
1639083030.5198631
1639083032.773229
1639083035.0370636
1639083037.2862074
1639083039.5194712
1639083041.7365384
1639083043.962607
1639083046.1781518
1639083048.403165
1639083050.6261506
1639083052.8906496
1639083055.146655
1639083057.4121826
1639083059.6614509
1639083061.9098063
1639083064.127403
1639083066.3541596
1639083068.570187
1639083070.7943091
1639083073.008944
1639083075.2528415
1639083077.505942
1639083079.7759354
1639083082.0378642
1639083084.308662
1639083086.544011
1639083088.7691696
1639083090.9850607
1639083093.2083278
1639083095.4229722
1639083097.8353002
1639083100.0873132
1639083102.3526933
1639083104.6056406
1639083106.872664
1639083109.1052217
1639083111.3578157
1639083113.5952976
1639083115.8240135
1639083118.0391614
1639083120.305343
1639083124.8249633
1639083127.0870955
1639083129.354298
1639083131.5801704
1639083133.8079233
1639083136.0210614
1639083138.2539113
1639083140.4697719
1639083142.693795
1639083144.9374332
1639083147.203963
1639083149.4578702
1639083151.7234476
1639083153.984177
1639083156.2134464
1639083158.426531
1639083160.6495097
1639083162.8649178
1639083165.0880876
1639083167.300849
1639083169.5587795
1639083171.81986
1639083174.0931485
1639083176.3451195
1639083178.6023865
1639083180.8160686
1639083183.0388496
1639083185.2563348
1639083187.4808137
1639083189.6956055
1639083191.9232337
1639083194.1814394
1639083196.4595
1639083198.7170973
1639083203.215998
1639083205.439285
1639083207.6533134
1639083209.8774867
1639083212.092098
1639083214.3207765
1639083216.550432
1639083218.8228076
1639083221.0752196
1639083223.3401997
1639083225.601365
1639083227.8392296
1639083230.0518768
1639083232.276005
1639083234.4967525
1639083236.7207725
1639083238.9348032
1639083241.187826
1639083245.7007208
1639083247.950884
1639083250.213375
1639083252.434463
1639083254.6761904
1639083259.1147325
1639083261.32769
1639083263.5521998
1639083265.8051417
1639083268.0676022
1639083270.318506
1639083272.5828388
1639083274.8461316
1639083277.0729687
1639083279.2872996
1639083281.5109942
1639083283.723352
1639083285.9502277
1639083288.1653607
1639083290.4291837
1639083292.682732
1639083294.960672
1639083297.2159975
1639083299.467974
1639083301.6813502
1639083303.9060524
1639083306.1194208
1639083308.343155
1639083310.5561733
1639083312.7987392
1639083315.054622
1639083317.3261466
1639083319.5786805
1639083321.847887
1639083324.0767024
1639083326.3021948
1639083328.5142648
1639083330.7392526
1639083332.9912586
1639083335.4153657
1639083337.665582
1639083339.929339
1639083342.186532
1639083344.452986
1639083346.671781
1639083348.8939064
1639083351.109151
1639083353.3406634
1639083355.559705
1639083357.7808146
1639083360.0277286
1639083362.2930005
1639083366.8099196
1639083369.0574727
1639083371.4908166
1639083373.7041724
1639083375.9289138
1639083378.140801
1639083380.3864343
1639083382.8011336
1639083385.0684466
1639083387.3292148
1639083389.5789633
1639083391.7939272
1639083394.1719384
1639083396.3890903
1639083398.7239852
1639083400.9816346
1639083403.2562165
1639083405.5190618
1639083407.790741
1639083410.184545
1639083412.564579
1639083414.7803085
1639083417.014974
1639083419.2316375
1639083421.495475
1639083423.7798452
1639083426.066838
1639083428.3201697
1639083430.5619097
1639083432.7739542
1639083434.9954095
1639083437.6360471
1639083439.8998215
1639083442.1520336
1639083444.422112
1639083446.6817546
1639083448.9406705
1639083451.153667
1639083453.3755465
1639083455.5882711
1639083457.8120606
1639083460.0256853
1639083462.2569666
1639083464.5080156
1639083466.7749734
1639083469.0314302
1639083471.296987
1639083473.5343943
1639083475.7574458
1639083477.9719458
1639083480.1960974
1639083482.4097471
1639083484.63372
1639083486.8596134
1639083489.1212873
1639083491.3714066
1639083493.6438453
1639083495.8968177
1639083498.14397
1639083500.3583608
1639083502.5795748
1639083504.7924616
1639083507.0162845
1639083509.2290535
1639083511.47247
1639083513.729087
1639083515.9961321
1639083518.2481027
1639083520.5123177
1639083522.7386837
1639083524.9633203
1639083527.1802764
1639083529.4109113
1639083531.6245174
1639083533.8579612
1639083536.1013417
1639083538.3698587
1639083540.6253223
1639083542.8897777
1639083545.1415691
1639083547.3727071
1639083549.584551
1639083551.8072743
1639083554.0199156
1639083556.2439406
1639083558.4671347
1639083560.7263632
1639083562.9788578
1639083565.2439013
1639083567.494737
1639083569.7576091
1639083571.9744394
1639083574.1989427
1639083576.412491
1639083578.6356063
1639083580.8566964
1639083583.0880785
1639083585.339816
1639083587.6139765
1639083589.8666961
1639083594.3705637
1639083596.5934882
1639083598.8074756
1639083601.0303268
1639083603.2455533
1639083605.4699335
1639083607.6980798
1639083609.9628215
1639083612.216165
1639083614.478886
1639083616.7377014
1639083618.9772646
1639083621.190827
1639083623.4138055
1639083625.628669
1639083627.8586473
1639083630.072203
1639083632.3186688
1639083634.5702507
1639083636.8377945
1639083639.0907745
1639083641.354216
1639083643.5789406
1639083645.8104117
1639083648.0263736
1639083652.4656076
1639083654.6879022
1639083656.9312823
1639083659.195242
1639083661.446705
1639083663.710758
1639083665.96014
1639083668.1908953
1639083670.4066741
1639083672.6303926
1639083674.860364
1639083677.0874636
1639083679.3031652
1639083681.5605023
1639083683.8128374
1639083686.0787911
1639083688.3319452
1639083690.5912442
1639083692.8074942
1639083695.0314364
1639083697.2447445
1639083699.467745
1639083701.682041
1639083703.9099996
1639083706.1653595
1639083708.4361413
1639083710.6866477
1639083712.9511135
1639083715.1980288
1639083717.4223607
1639083719.6350343
1639083721.8570774
1639083724.071116
1639083726.2954705
1639083728.5276203
1639083730.7942343
1639083733.0470865
1639083735.3152664
1639083737.5692055
1639083739.810467
1639083742.02481
1639083744.9458754
1639083747.1973507
1639083749.4611387
1639083751.7125943
1639083753.9890788
1639083756.2173367
1639083758.4411316
1639083760.6534564
1639083762.884092
1639083765.096429
1639083767.32244
1639083769.5655882
1639083771.8298085
1639083774.0835657
1639083776.3488598
1639083778.60205
1639083780.833819
1639083783.0547729
1639083785.2771037
1639083787.4898858
1639083789.7120066
1639083791.9270775
1639083794.1877718
1639083796.439438
1639083798.7034442
1639083800.9561148
1639083803.221641
1639083805.4372509
1639083807.65892
1639083809.8786547
1639083812.1021948
1639083814.3167508
1639083816.5466397
1639083818.799264
1639083821.0662892
1639083823.3199146
1639083825.5852966
1639083827.8266792
1639083830.0515673
1639083832.2649302
1639083834.4898021
1639083836.7038984
1639083838.9269004
1639083841.1501164
1639083843.4190176
1639083845.669066
1639083847.9313483
1639083850.1836948
1639083852.4310844
1639083854.6452775
1639083856.8774385
1639083859.0936503
1639083861.3179924
1639083863.5318556
1639083865.7761142
1639083868.027344
1639083870.293204
1639083872.5521185
1639083874.8202426
1639083877.0460427
1639083879.2685988
1639083881.4846778
1639083883.707784
1639083885.923008
1639083888.14524
1639083890.386469
1639083892.649178
1639083894.9004478
1639083897.162033
1639083899.4140036
1639083901.6480126
1639083903.8696094
1639083906.0955176
1639083908.3111887
1639083910.533717
1639083912.751188
1639083915.0167565
1639083917.269075
1639083919.5313823
1639083921.7836497
1639083924.0488584
1639083926.2669036
1639083928.4895406
1639083930.7079227
1639083932.9362416
1639083935.154953
1639083937.3851237
1639083939.6355155
1639083941.9009387
1639083944.1611805
1639083946.4319046
1639085527.4302056
1639085645.7339728
1639085648.4530077
1639085650.7384264
1639085653.0354614
1639085655.2825255
1639085657.5111578
1639085659.7262585
1639085661.951396
1639085664.1645846
1639085670.7275267
1639085673.000681
1639085675.2829702
1639085677.5398808
1639085679.8074782
1639085682.0253448
1639085684.249306
1639085686.491137
1639085688.7158158
1639085690.9294288
1639085693.1656055
1639085695.419429
1639085697.6845622
1639085700.071337
1639085704.5584488
1639085706.7930965
1639085709.010336
1639085711.2329752
1639085713.4458957
1639085715.6811156
1639085717.9695024
1639085720.2373083
1639085722.6400058
1639085725.056477
1639085727.272293
1639085729.5050378
1639085731.7458634
1639085733.972603
1639085736.2069654
1639085738.4741483
1639085740.7429686
1639085743.0099773
1639085745.2646797
1639085747.4997983
1639085749.7126215
1639085751.9412909
1639085754.1560562
1639085756.379243
1639085758.593132
1639085760.8556128
1639085763.1197867
1639085765.3891885
1639085767.6515484
1639085769.9175863
1639085772.1379418
1639085774.3624835
1639085776.5753686
1639085778.801309
1639085781.0163403
1639085783.2448318
1639085785.4979525
1639085787.7676032
1639085790.0252028
1639085792.299032
1639085794.5391552
1639085796.7645125
1639085798.9808822
1639085801.2058349
1639085803.420248
1639085805.645703
1639085807.8866177
1639085810.152116
1639085812.4153605
1639085814.683126
1639085816.9472299
1639085819.186919
1639085821.4040532
1639085823.6276476
1639085825.843385
1639085828.232917
1639085830.6637828
1639085832.9339643
1639085835.1897845
1639085837.4570844
1639085839.682822
1639085841.953297
1639085844.1659818
1639085846.3979378
1639085848.6129239
1639085850.8475633
1639085853.0998197
1639085855.3664324
1639085857.6248212
1639085859.8923173
1639085862.1316762
1639085864.3684216
1639085866.5820823
1639085868.8075366
1639085871.0304306
1639085873.2586293
1639085875.497592
1639085877.7647684
1639085880.017848
1639085882.2849627
1639085884.5376642
1639085886.7732964
1639085888.988721
1639085891.21327
1639085893.435506
1639085895.6584864
1639085897.874689
1639085900.1446917
1639085902.4024794
1639085904.6705766
1639085906.923863
1639085909.1874547
1639085911.404832
1639085913.6292288
1639085915.8418121
1639085918.0652153
1639085920.278367
1639085922.509147
1639085924.7789347
1639085927.0494213
1639085929.3136404
1639085931.581467
1639085933.8156393
1639085936.0392704
1639085938.252578
1639085940.4825497
1639085942.70197
1639085944.9308236
1639085947.1690927
1639085949.4350865
1639085951.6899369
1639085953.9585433
1639085956.2147415
1639085958.4580243
1639085960.675388
1639085962.8994215
1639085965.1148694
1639085967.3415031
1639085969.5592444
1639085971.8191304
1639085974.0724347
1639085976.3396955
1639085978.5947661
1639085980.860839
1639085983.0793176
1639085985.3038144
1639085987.5341513
1639085989.7580097
1639085991.974709
1639085994.2122073
1639085996.467012
1639085998.7396162
1639086000.992751
1639086003.2603438
1639086005.496847
1639086007.7232714
1639086009.93929
1639086012.164145
1639086014.3801727
1639086016.6142159
1639086018.8518429
1639086021.1183758
1639086023.371337
1639086025.639819
1639086027.8929074
1639086030.129447
1639086032.3452346
1639086034.5769625
1639086036.7938826
1639086039.0199385
1639086041.2325828
1639086043.4923198
1639086045.7550647
1639086048.0240526
1639086050.279931
1639086052.5455832
1639086054.762955
1639086056.9878495
1639086059.2030842
1639086061.4300463
1639086063.643106
1639086065.874868
1639086068.1271887
1639086070.3949037
1639086072.6524394
1639086074.9386818
1639086077.1733
1639086081.6111076
1639086083.8374228
1639086086.0536964
1639086088.2773328
1639086090.511101
1639086092.779277
1639086095.0351148
1639086097.3018696
1639086099.5547132
1639086104.0142028
1639086106.2419562
1639086108.4575615
1639086110.6849759
1639086112.898612
1639086115.1596723
1639086117.416784
1639086119.6836114
1639086121.945334
1639086124.2130067
1639086126.4316719
1639086128.6602333
1639086130.876415
1639086133.110834
1639086135.3293464
1639086137.5624638
1639086139.8138955
1639086142.0806348
1639086144.3349912
1639086146.601277
1639086148.8404214
1639086151.0657907
1639086153.2826457
1639086155.5091949
1639086157.7257013
1639086159.950678
1639086162.1837997
1639086164.4485133
1639086166.6982753
1639086168.9730213
1639086171.2255816
1639086173.4641466
1639086175.6813862
1639086177.9074767
1639086180.122442
1639086182.3454041
1639086184.5605407
1639086186.8123796
1639086189.0670693
1639086191.3399713
1639086193.5974321
1639086195.865028
1639086198.0865474
1639086200.3126605
1639086202.5285697
1639086204.7528799
1639086206.9642084
1639086209.188392
1639086211.4359612
1639086213.7055867
1639086215.9701443
1639086218.240887
1639086220.499737
1639086222.7269645
1639086224.9439423
1639086227.1728935
1639086229.3882337
1639086231.614162
1639086233.8444834
1639086236.1154194
1639086238.3700097
1639086240.640508
1639086242.8982704
1639086245.1410575
1639086247.355285
1639086249.5901642
1639086251.8083308
1639086254.0356345
1639086256.2583084
1639086258.517396
1639086260.7700977
1639086263.0379581
1639086265.2913084
1639086267.559735
1639086269.7803156
1639086272.0042922
1639086274.2169034
1639086276.4424062
1639086278.6560605
1639086280.8842444
1639086624.366987
1639086734.007155
1639086850.0587342
1639086852.6784234
1639086854.9174056
1639086857.1476169
1639086859.3789937
1639086861.6212208
1639086863.8867388
1639086866.140503
1639086868.4064057
1639086870.6590474
1639086872.8977869
1639086875.1138523
1639086878.4471793
1639086880.7101064
1639086882.9712832
1639086885.1860547
1639086887.4103377
1639086889.6238403
1639086894.0608501
1639086896.2931929
1639086898.5462935
1639086900.8114152
1639086903.0635579
1639086905.3440406
1639086907.5789258
1639086909.8101962
1639086912.107826
1639086914.3412507
1639086916.555411
1639086918.8102968
1639086921.0654075
1639086923.4937863
1639086925.7500648
1639086928.0841014
1639086930.2962236
1639086932.6054294
1639086934.8172972
1639086937.0424974
1639086939.324796
1639086941.5913308
1639086944.0352957
1639086946.496563
1639086948.7119617
1639086950.9358687
1639086953.1507907
1639086955.390097
1639086957.6140702
1639086959.8611073
1639086962.111064
1639086964.3854551
1639086966.6400278
1639086968.9072988
1639086971.1277978
1639086973.3521025
1639086975.5675936
1639086977.7978897
1639086980.0168467
1639086982.2407875
1639086984.487598
1639086986.7791958
1639086989.0313544
1639086991.2945209
1639086993.542149
1639086995.7687528
1639086997.9865413
1639087000.2166162
1639087002.4348798
1639087004.660693
1639087006.88231
1639087009.1559825
1639087011.4082508
1639087013.6733506
1639087015.9284818
1639087018.1762176
1639087020.390747
1639087022.6154377
1639087024.831
1639087027.0554063
1639087029.269709
1639087031.514309
1639087033.7665117
1639087036.0349724
1639087038.3692076
1639087040.635932
1639087042.8641346
1639087045.0955145
1639087047.3082302
1639087049.5409534
1639087051.7542558
1639087053.9908166
1639087056.2453048
1639087058.5159233
1639087060.7666728
1639087063.0325503
1639087065.2691405
1639087067.4938138
1639087069.7084641
1639087071.9341536
1639087074.150255
1639087076.3764822
1639087078.6113486
1639087080.880015
1639087083.1336124
1639087085.4009814
1639087087.653426
1639087089.8918474
1639087092.1076374
1639088145.7236505
1639088312.314584
1639088315.0435877
1639088317.2895045
1639088319.5229309
1639088321.7338111
1639088323.9347794
1639088326.1363347
1639088328.3381915
1639088330.5533617
1639088332.7932174
1639088335.0401068
1639088337.2794805
1639088339.515791
1639088341.752077
1639088343.9596772
1639088346.16596
1639088348.368861
1639088352.7826922
1639088354.9990635
1639088357.2219784
1639088359.4600694
1639088361.701109
1639088363.937902
1639088366.1756835
1639088368.4070804
1639088370.6103635
1639088372.8183076
1639088375.0214226
1639088377.2222557
1639088379.4499197
1639088383.8833354
1639088386.1333797
1639088388.3712072
1639088390.6220477
1639088392.8584964
1639088395.0759716
1639088397.2777948
1639088399.4829724
1639088401.6859663
1639088403.8881838
1639088406.0918694
1639088408.2959442
1639088410.5280805
1639088412.7673955
1639088415.0057435
1639088417.2474537
1639088419.4961593
1639088421.7130315
1639088423.9208264
1639088426.123501
1639088428.3371782
1639088430.53907
1639088434.9461212
1639088437.181668
1639088439.4212093
1639088441.661125
1639088443.8973956
1639088446.1363833
1639088448.3513293
1639088450.561064
1639088452.773075
1639088454.974308
1639088457.1755235
1639088459.3786316
1639088461.5858715
1639088463.83638
1639088466.0761733
1639088468.3146508
1639088470.5645456
1639088472.8031318
1639088475.0139182
1639088477.2189116
1639088479.4225976
1639088481.623515
1639088483.8316917
1639088486.04187
1639088488.2626417
1639088490.5003955
1639088492.7373784
1639088494.974298
1639088497.2130084
1639088499.4505663
1639088501.6678984
1639088503.87079
1639088506.074631
1639088508.2768316
1639088510.4859533
1639088512.6890347
1639088514.9129426
1639088517.1580257
1639088519.3956313
1639088521.633677
1639088523.8733802
1639088573.1315284
1639088575.7382767
1639088577.9530594
1639088939.623856
1639088942.2279115
1639089209.2596343
1639089212.0014954
1639089345.208357
1639089482.3373892
1639089484.968099
1639089487.2275078
1639089489.5112345
1639089491.806345
1639089494.0611837
1639089496.281656
1639089498.5021846
1639089500.7179132
1639089502.932151
1639089505.1593702
1639089507.3849738
1639089509.640983
1639089512.3748674
1639089514.760568
1639089516.9863946
1639089519.3007045
1639089521.521932
1639089523.7428849
1639089526.0100956
1639089528.2727578
1639089530.5322626
1639089532.80307
1639089535.0499094
1639089537.2668583
1639089539.4848409
1639089541.7103431
1639089543.9316077
1639089546.1502938
1639089548.4373858
1639089550.6959932
1639089552.969484
1639089555.2280931
1639089557.4879408
1639089559.7130706
1639089561.9294035
1639089564.148004
1639089566.3656697
1639089568.5854223
1639089570.8124027
1639089573.062385
1639089575.333619
1639089577.5912862
1639089579.8506072
1639089582.1099386
1639089584.3312573
1639089586.5471764
1639089588.7642183
1639089590.9845097
1639089593.2085555
1639089595.4422755
1639089597.6995242
1639089599.968225
1639089602.2256453
1639089604.485517
1639089606.731545
1639089608.9478939
1639089611.1652255
1639089613.3841546
1639089615.602774
1639089617.8322134
1639089620.0650954
1639089622.325442
1639089624.582746
1639089626.8382573
1639089629.1045568
1639089631.3398533
1639089633.5566041
1639089635.774595
1639089638.010575
1639089640.2295244
1639089642.44956
1639089644.693234
1639089646.9514875
1639089649.2081838
1639089651.4658444
1639089653.7221706
1639089655.9522383
1639089658.1898181
1639089660.4116604
1639089662.6302145
1639089664.8490434
1639089667.0680575
1639089669.319196
1639089671.5775926
1639089673.8365312
1639089676.0964172
1639089678.3688195
1639089680.6015153
1639089682.8259795
1639089685.0426586
1639089687.283317
1639089689.5060036
1639089691.7363956
1639089693.9945765
1639089696.2537491
1639089698.5126805
1639089700.7860167
1639089703.0240123
1639089705.2425685
1639089707.4617133
1639089709.6813967
1639090398.7816443
1639090401.430824
1639090403.6491427
1639090405.8849874
1639090408.10736
1639090410.3269687
1639090412.5781772
1639090414.8340995
1639090417.0989788
1639090419.3711624
1639090421.6156442
1639090423.8319864
1639090426.2098384
1639090428.4245613
1639090430.6398675
1639090432.8616433
1639090435.1897116
1639090437.450717
1639090439.7227414
1639090442.1121204
1639090444.4687595
1639090446.6855788
1639090448.9007728
1639090451.1156278
1639090453.335459
1639090455.5900083
1639090457.844843
1639090460.1232944
1639090462.3953333
1639090464.6400304
1639090466.858418
1639090469.0810647
1639090471.314641
1639090473.533312
1639090475.7484004
1639090477.9867187
1639090480.2448347
1639090482.5156162
1639090484.7718759
1639090487.0582604
1639090489.2841103
1639090491.5023842
1639090493.719351
1639090495.9346004
1639090498.1489508
1639090500.3729727
1639090502.633554
1639090504.8867378
1639090507.1408324
1639090509.3958404
1639090511.6505332
1639090513.8740373
1639090516.0888236
1639090518.3042831
1639090520.5199878
1639090522.739111
1639090524.965015
1639090527.2145708
1639090529.48617
1639090531.7419343
1639090533.9975228
1639090536.2522905
1639090538.475941
1639090540.6931527
1639090542.9080982
1639090545.147346
1639090547.3664813
1639090549.586433
1639090551.8381636
1639090554.0916119
1639090556.3458014
1639090558.607793
1639090560.855961
1639090563.074451
1639090565.7984936
1639090568.0207195
1639090570.2739697
1639090572.528394
1639090574.7852485
1639090577.04766
1639090579.304137
1639090581.5243187
1639090583.7394192
1639090585.9680567
1639090588.186128
1639090590.4072978
1639090592.6361494
1639090594.891108
1639090597.146726
1639090599.4025068
1639090601.6581233
1639090603.9175303
1639090606.131914
1639090608.3621304
1639090610.6006534
1639090612.8100622
1639090615.0234287
1639090617.2552998
1639090619.5001478
1639090621.7456212
1639090628.6901333
1639090630.9121306
1639090633.128475
1639090635.344344
1639090637.5681703
1639090639.8179407
1639090642.072396
1639090644.3273568
1639090646.5828443
1639090648.839322
1639090651.0753572
1639090653.2892067
1639090655.50512
1639090657.7239127
1639090659.9407458
1639090662.1638544
1639091033.0405626
1639091182.9569468
1639091185.8723366
1639091188.0902538
1639091190.5151014
1639091192.7766633
1639091195.0328624
1639091197.2908123
1639091199.5473237
1639091201.7983987
1639091204.0153677
1639091206.248118
1639091208.474165
1639091213.1608815
1639091215.416917
1639091217.673252
1639091220.4697893
1639091222.6855536
1639091224.940633
1639091227.1641521
1639091229.3785028
1639091231.627026
1639091233.893863
1639091236.1490576
1639091238.4039466
1639091240.6597152
1639091242.8836582
1639091245.1005497
1639091247.3234549
1639091249.5557792
1639091251.7961097
1639091254.2815835
1639091256.5395844
1639091258.7937
1639091261.0471878
1639091263.284628
1639091265.5030878
1639091267.7197132
1639091269.9732203
1639091285.0982792
1639091287.4145098
1639091289.743512
1639091292.0254664
1639091294.3039432
1639091296.569842
1639091298.8412924
1639091301.108836
1639091303.4258132
1639091305.7497737
1639091308.0848029
1639091310.4356415
1639091312.703254
1639091314.9736154
1639091317.242697
1639091319.5117025
1639091321.8414624
1639091326.5049608
1639091328.8096776
1639091331.0864086
1639091333.353203
1639091335.621544
1639091337.901334
1639091340.209251
1639091342.5301263
1639091344.854796
1639091347.1750095
1639091349.4547253
1639091351.7336679
1639091354.0041208
1639091356.2708962
1639091358.566379
1639091360.8947377
1639091363.2175884
1639091365.5382886
1639091367.8289895
1639091370.0999207
1639091372.4012353
1639091374.6798024
1639091376.9659534
1639091379.2883456
1639091381.6372855
1639091383.9619143
1639091386.286873
1639091388.5569756
1639091390.8296409
1639091393.099261
1639091397.7412305
1639091400.069174
1639091402.391011
1639091404.6954336
1639091406.9641078
1639091409.2421112
1639091411.5097713
1639091413.7865927
1639091416.1111472
1639091418.4442952
1639091420.7721736
1639091423.0682857
1639091425.3643973
1639091432.285817
1639091434.603539
1639091436.9276052
1639091439.260957
1639091441.5542874
1639091443.8215864
1639091446.0896459
1639091448.3582945
1639091450.6310437
1639091452.9530582
1639091455.2914941
1639091457.6167336
1639091459.9136684
1639091464.454815
1639091469.0042038
1639091471.3188658
1639091473.6402376
1639091475.9621177
1639091478.2786222
1639091480.5467901
1639091482.8152194
1639091485.0969274
1639091487.363682
1639091489.6651726
1639091491.9876292
1639091494.3086555
1639091496.6323543
1639091498.9170666
1639091501.186703
1639091503.4535823
1639091505.728858
1639091508.0170548
1639091510.3476052
1639091512.6692219
1639091515.0079062
1639091517.2918336
1639091519.560231
1639091521.8291442
1639091524.0976298
1639091526.3654952
1639091528.6995106
1639091531.0221062
1639091533.3466356
1639091535.652785
1639091537.92087
1639091540.1886492
1639091542.4570415
1639091544.7363346
1639091547.0423996
1639091549.3636496
1639091551.7367876
1639091554.0518734
1639091556.320552
1639091558.6055675
1639091560.872347
1639091563.1412928
1639091565.4412513
1639091567.7611227
1639091570.0858252
1639091572.4481845
1639091574.7209845
1639091576.9875956
1639091579.2557034
1639091581.5229394
1639091583.8099134
1639091586.139801
1639091588.4744818
1639091590.7966444
1639091593.0876784
1639091595.3593168
1639091597.627828
1639091599.9023914
1639091602.1899285
1639091604.5111403
1639091606.8340387
1639091609.158916
1639091611.4545176
1639091613.7231243
1639091616.0056512
1639091618.2729259
1639091620.5392146
1639091622.8511589
1639091625.1743722
1639091627.4967382
1639091629.815595
1639091632.096213
1639091634.3634949
1639091636.63232
1639091638.9097118
1639091641.2103114
1639091643.5326343
1639091645.8676484
1639091648.1981368
1639091650.473751
1639091652.7416716
1639091655.011493
1639091657.2811215
1639091659.580425
1639091661.926347
1639091664.250201
1639091666.5711854
1639091668.8554227
1639091671.1237109
1639091673.3919916
1639091675.6724422
1639091677.9415803
1639091680.2601273
1639091682.5901003
1639091684.9106927
1639091687.2148986
1639091689.4929268
1639091691.7600489
1639091694.0282018
1639091696.3039055
1639091698.6145694
1639091700.9380891
1639091703.2602751
1639091705.6011536
1639091707.871565
1639091710.1404
1639091712.4495485
1639091714.717855
1639091717.0246692
1639091719.3639271
1639091721.6883175
1639091724.0108113
1639091726.291659
1639091728.560633
1639091730.8292603
1639091733.0985339
1639091735.4072042
1639091737.7287502
1639091740.0581317
1639091752.3700957
1639091764.6883564
1639091776.9959629
1639091789.303769
1639091801.606368
1639091813.9065468
1639091826.2206588
1639091838.5257437
1639091840.8235185
1639091843.0942647
1639091845.3632061
1639091847.6311505
1639091849.9006114
1639091852.2261965
1639091854.5488646
1639091856.872085
1639091859.1911514
1639091861.4690325
1639091863.7396853
1639091866.0180776
1639091868.2989678
1639091870.6056778
1639091872.9287295
1639091875.2528186
1639091877.574322
1639091879.8488777
1639091882.1281073
1639091884.407132
1639091886.6778848
1639091888.9689827
1639091891.2890034
1639091893.6115458
1639091895.9335475
1639091898.2292936
1639091900.4981918
1639091902.7648106
1639091905.042883
1639091907.3201842
1639091909.6389573
1639091911.9755323
1639091914.3055274
1639091916.603714
1639091918.8719919
1639091921.1417918
1639091923.4115088
1639091925.6806877
1639091928.0136702
1639091930.3377976
1639091932.6606224
1639091934.9760282
1639091937.2448695
1639091939.512847
1639091941.795141
1639091944.0658743
1639091946.3787096
1639091948.6985474
1639091953.3566763
1639091955.631326
1639091960.183217
1639091962.4823616
1639091964.7783494
1639091967.1006966
1639091969.4241748
1639172974.9544404
1639172977.1616962
1639172979.362934
1639172981.5659597
1639172983.7696695
1639172985.9825554
1639172988.1926453
1639172990.425886
1639172992.6645546
1639172994.9030583
1639172997.140768
1639172999.3787975
1639173001.6083336
1639173003.8126428
1639173006.0153701
1639173008.218021
1639173010.4200354
1639173012.6231017
1639173014.8242393
1639173017.0489688
1639173019.28681
1639173021.5501578
1639173023.7869363
1639173026.0224948
1639173028.2468202
1639173030.4505582
1639173032.656632
1639173034.860648
1639173037.069302
1639173039.2731812
1639173041.4756672
1639173043.708423
1639173045.9459128
1639173048.1845145
1639173050.4222643
1639173052.6622574
1639173054.8844395
1639173057.087389
1639173059.300775
1639173061.5043428
1639173063.7076483
1639173065.9106867
1639173068.1164355
1639173070.3480155
1639173072.586629
1639173074.8260903
1639173077.0621936
1639173079.299914
1639173081.5225897
1639173083.7269676
1639173085.9298654
1639173088.1328955
1639173090.3378403
1639173092.5417464
1639173094.7616522
1639173096.995245
1639173099.2345417
1639173101.4739695
1639173103.7138932
1639173105.954685
1639173108.169992
1639173110.3726394
1639173112.5744298
1639173114.77747
1639173116.9803495
1639173119.1828249
1639173121.3956802
1639173123.6365705
1639173125.8726835
1639173128.1143327
1639173130.3682103
1639173132.6070619
1639173134.8169844
1639173137.018108
1639173139.2217188
1639173141.4275935
1639173143.6308212
1639173145.8316731
1639173148.040398
1639173150.2785392
1639173152.5238996
1639173154.7718542
1639173157.0095906
1639173159.2484663
1639173161.4570382
1639173163.6575952
1639173165.8602052
1639173168.0731273
1639173170.283323
1639173172.4854062
1639173174.7043214
1639173176.942241
1639173179.1833518
1639173181.4262176
1639173183.6647644
1639173185.9055932
1639173188.1114523
1639173190.314756
1639173192.5170362
1639173194.7199957
1639173196.921667
1639173199.1245034
1639173233.8373485
1639173236.5189657
1639173238.7898169
1639173241.049738
1639173243.2852113
1639173245.4874933
1639173247.691734
1639173249.9056337
1639173252.1075919
1639173254.3100708
1639173309.772826
1639173312.5109804
1639173314.787082
1639173317.0508146
1639173319.261371
1639173321.4651515
1639173323.6673079
1639173325.8714893
1639173328.0733688
1639173330.2760673
1639173332.5085735
1639173334.7466547
1639173336.9904048
1639173339.230082
1639173341.4701312
1639173343.6878567
1639173345.8899913
1639173348.0998995
1639173350.3062263
1639173352.519592
1639173354.7341564
1639173356.943822
1639173359.1820703
1639173361.4205475
1639173363.6623147
1639173365.901751
1639173368.1413214
1639173370.353379
1639173372.555754
1639173374.7580907
1639173376.9641654
1639173435.3193686
1639173449.726298
1639173462.505154
1639173475.2837718
1639173488.2899594
1639173501.0563548
1639173513.8697813
1639173526.5951626
1639173539.3179843
1639173552.0776696
1639173564.8584502
1639173577.625746
1639173590.3483155
1639173603.0528843
1639173700.7109702
1639173842.319939
1639173844.977691
1639173847.2133207
1639173849.4414952
1639174608.2245917
1639174761.3746114
1639174763.9799557
1639174766.197186
1639174768.4189482
1639174770.6310632
1639174772.8608587
1639174775.1165717
1639174777.3563743
1639174779.5955887
1639174781.835091
1639174784.0678847
1639174786.2721405
1639174788.4758766
1639174790.683862
1639174793.8097625
1639174796.049035
1639174798.2910388
1639174800.5060935
1639174802.7170477
1639174804.921304
1639174807.126888
1639174809.3317437
1639174811.5380504
1639174813.7697933
1639174816.0108151
1639174818.2499611
1639174820.489543
1639174822.7333527
1639174824.969546
1639174827.175149
1639174829.4004693
1639174831.6032965
1639174833.8059719
1639174836.0188885
1639174838.2272801
1639174840.4590871
1639174842.6985528
1639174844.9386132
1639174847.1760335
1639174849.4283009
1639174851.6479177
1639174853.8539374
1639174856.0569901
1639174858.260468
1639174860.4648478
1639174862.6693294
1639174864.875008
1639174867.1084871
1639174869.355434
1639174871.5957913
1639174873.984778
1639174876.2119071
1639174878.4147959
1639174880.6197052
1639174882.826066
1639174885.030817
1639174887.2446806
1639174889.4500308
1639174891.685322
1639174893.9304173
1639174896.1817262
1639174898.4360902
1639174900.6814485
1639174902.8933792
1639174905.0970447
1639174907.302593
1639174909.5077417
1639174911.8536494
1639174914.0638034
1639174916.3126085
1639174918.5535524
1639174920.8016915
1639174923.0611417
1639174925.3012617
1639174927.5195193
1639174929.7233913
1639174931.9272697
1639174934.1326182
1639174936.3376222
1639174938.5409136
1639174940.765357
1639174943.0053318
1639174945.2502174
1639174947.4907925
1639174949.7320452
1639174951.9619427
1639174954.1658041
1639174956.3767755
1639174958.592174
1639174960.811621
1639174963.0195978
1639174965.2243114
1639174967.4619687
1639174969.705467
1639174971.9471223
1639174974.1872332
1639174976.4276063
1639174978.6462855
1639174980.8511972
1639174983.0576901
1639174985.262678
1639174987.4663901
1639174989.671049
1639174991.8789403
1639174994.1266296
1639174996.3805547
1639174998.6237762
1639175000.8652756
1639175003.1063104
1639175005.3265784
1639175007.5298417
1639175009.7372508
1639175011.9433382
1639175014.1490107
1639175016.363905
1639175018.6009405
1639175020.847231
1639175023.0875735
1639175025.342897
1639175027.5888755
1639175029.8234494
1639175032.0286915
1639175034.2335196
1639175036.437206
1639175038.6441073
1639175040.8499308
1639175043.0544403
1639175045.2904625
1639175047.5299907
1639175049.777886
1639175052.0190563
1639175054.2628827
1639175056.4870496
1639175058.6975935
1639175060.9010322
1639175063.1054678
1639175065.3128672
1639175067.532976
1639175069.750042
1639175071.9912376
1639175074.2317774
1639175076.4801302
1639175078.719949
1639175080.956993
1639175083.1668744
1639175085.3699937
1639175087.573398
1639175089.7852163
1639175091.9928625
1639175094.1983838
1639175096.4311574
1639175098.6714883
1639175100.9136376
1639175103.16829
1639175105.408247
1639175107.6320653
1639175109.83718
1639175112.0426466
1639175114.245836
1639175116.4501045
1639175118.6536033
1639175120.858728
1639175123.1045175
1639175125.3468907
1639175127.588015
1639175129.8263347
1639175132.0671132
1639175134.2855499
1639175136.4899836
1639175138.6955123
1639175140.909496
1639175143.1131318
1639175145.3216717
1639175147.5606372
1639175159.792644
1639175172.0234525
1639175184.2504158
1639175196.4528065
1639175208.6623247
1639175220.8681586
1639175233.0726488
1639175245.2799833
1639175257.488314
1639175269.6970363
1639175281.904894
1639175284.1188538
1639175286.3329122
1639175288.5358777
1639175290.752131
1639175292.967134
1639175295.2117527
1639175297.4610717
1639175299.701827
1639175301.9532795
1639175304.1947227
1639175306.401724
1639175308.6048334
1639175310.8089416
1639175313.0133374
1639175315.216592
1639175317.42037
1639175319.654988
1639175321.8965268
1639175324.140758
1639175326.3832304
1639175328.6380491
1639175330.863332
1639175333.0668807
1639175335.2791364
1639175337.4838586
1639175339.6951349
1639175341.9004276
1639175344.109309
1639175346.3431313
1639175348.5855532
1639175350.825316
1639175353.0715146
1639175355.311951
1639175357.5267603
1639175359.7296498
1639175361.9550574
1639175364.1710718
1639175366.3899689
1639175368.6000667
1639175370.8244371
1639175373.0651677
1639175375.3036623
1639175377.544475
1639175379.7891202
1639175382.0236804
1639175384.2309973
1639175386.439701
1639175388.6446562
1639175390.8515632
1639175393.0566626
1639175395.2711189
1639175397.516999
1639175399.762907
1639175402.0038764
1639175404.244511
1639175406.4857194
1639175408.7081914
1639175410.913154
1639175413.1161482
1639175415.3248389
1639175417.5294714
1639175419.7353241
1639175421.939917
1639175424.1753776
1639175426.4158564
1639175428.6552641
1639175430.9040089
1639175433.1517959
1639175435.3770552
1639175437.5841467
1639175439.7879803
1639175441.9918823
1639175444.196196
1639175446.40048
1639175448.6179168
1639175450.8586416
1639175453.1009145
1639175455.3433964
1639175457.5833812
1639175459.8228633
1639175462.033625
1639175464.2477334
1639175466.451488
1639175468.6565108
1639175470.8699663
1639175473.0746672
1639175475.303877
1639175477.545313
1639175479.7840776
1639175482.033797
1639175484.274996
1639175486.499886
1639175488.7045743
1639175490.910536
1639175493.1155636
1639175495.320618
1639175497.5322826
1639175499.7372334
1639175501.9722247
1639175504.215307
1639175506.4550846
1639175508.707066
1639175510.9475727
1639175513.1636837
1639175515.3687737
1639175517.5749018
1639175519.780991
1639175521.9847002
1639175524.1887503
1639175526.3959737
1639175528.6465044
1639175530.8966227
1639175533.1379497
1639175535.3775678
1639175537.616482
1639175539.8289185
1639175542.0372453
1639175544.2547066
1639175546.4608264
1639175548.6637633
1639175550.8673189
1639175553.0911324
1639175555.333906
1639175557.5792356
1639175559.8200681
1639175562.0645118
1639175564.2986214
1639175566.5039294
1639175568.7155814
1639175570.9207866
1639175573.1244047
1639175575.3289769
1639175577.535696
1639175579.780511
1639175582.021668
1639175584.2615879
1639175586.502802
1639175588.755576
1639175590.976098
1639175593.1870182
1639175595.3924918
1639175597.6228333
