0.0
1798648.8
2.7
2.2
2.2
2.2
2.3
2.3
2.3
2.3
2.3
2.2
2.2
2.2
2.2
2.2
2.2
2.3
2.3
2.2
2.3
2.2
2.2
2.2
2.2
2.2
2.2
2.2
2.3
2.3
2.3
2.3
2.2
2.2
2.2
2.2
2.2
2.2
2.3
2.3
2.3
2.3
2.3
2.2
2.2
2.2
2.2
2.2
2.2
2.2
2.3
2.3
2.3
2.3
2.2
2.2
2.2
2.2
2.2
2.2
2.3
4.5
2.3
2.3
2.2
2.2
2.2
2.2
2.2
2.2
2.3
2.3
2.3
2.4
2.2
2.2
2.2
2.2
2.2
2.2
2.3
2.3
2.3
2.3
2.2
2.2
2.2
2.2
2.2
2.2
2.2
2.3
2.3
2.3
2.3
2.2
2.2
2.2
2.2
2.2
2.2
2.3
2.3
2.3
2.3
2.3
2.2
2.2
2.2
2.2
2.2
2.2
2.3
2.3
2.3
2.3
2.2
2.2
2.2
2.2
2.2
2.2
2.2
2.3
2.3
2.3
2.3
2.2
2.2
2.2
2.2
2.4
2.2
2.3
2.3
2.3
2.3
2.2
2.2
2.2
2.2
2.2
2.2
2.3
2.3
2.3
2.3
2.3
2.2
2.2
2.2
2.2
2.2
2.2
2.3
2.3
2.3
2.3
2.2
2.4
2.4
2.2
2.2
2.3
2.3
2.3
2.3
2.2
2.3
2.2
2.2
2.2
2.2
2.3
2.3
2.3
2.3
2.2
2.2
2.2
2.2
2.2
2.2
2.3
2.3
2.3
2.3
2.3
2.2
2.2
2.2
2.2
2.2
2.2
2.3
2.3
2.3
2.3
2.2
2.2
2.2
2.2
2.2
2.2
2.2
2.3
2.3
2.3
2.3
2.2
2.2
2.2
2.2
2.2
2.2
2.3
2.3
2.3
2.3
2.3
2.2
2.2
2.2
2.2
4.4
2.2
2.3
2.3
2.3
2.2
2.2
2.2
2.2
2.2
2.2
2.2
2.3
2.3
2.3
2.2
2.2
2.2
2.2
2.2
2.2
2.2
2.2
2.3
2.3
2.3
2.3
2.2
2.2
2.2
2.2
2.2
2.4
2.3
2.3
2.3
2.3
2.2
2.3
2.2
2.2
2.2
2.3
4.5
2.3
2.3
2.2
2.2
2.2
2.2
2.2
2.2
2.2
2.3
2.3
2.3
2.3
2.2
2.2
2.2
2.2
2.2
2.2
2.3
2.3
2.3
2.3
2.3
2.2
2.2
2.2
2.2
2.2
2.2
2.3
2.3
2.3
4.5
2.2
2.2
2.2
2.2
2.2
2.2
2.3
2.3
2.3
2.3
2.2
2.2
2.2
2.2
2.2
2.2
2.3
4.5
2.3
2.3
2.2
2.2
4.4
2.2
2.2
2.3
2.3
2.3
2.3
2.3
2.2
2.2
2.2
2.2
2.2
2.2
2.3
2.3
2.3
2.3
2.3
2.2
2.2
2.2
2.2
2.2
2.2
2.3
2.3
2.3
2.3
2.2
2.2
2.2
2.2
2.3
2.4
2.3
2.3
2.3
2.3
2.2
2.2
2.2
2.2
2.2
2.2
2.2
2.3
4.5
2.2
2.4
2.2
2.2
2.2
2.2
2.4
2.3
2.3
2.2
2.2
2.4
2.2
2.3
2.3
2.3
2.3
2.3
2.4
2.4
2.2
2.2
2.2
2.3
2.3
2.3
2.3
2.2
2.2
2.2
2.6
2.3
2.3
2.3
2.3
2.3
2.2
2.2
2.2
2.2
2.2
2.2
2.3
2.3
2.3
2.3
2.2
2.2
2.2
2.2
2.2
2.2
2.2
2.3
2.3
2.3
2.3
2.2
2.2
2.2
2.2
2.2
2.2
2.2
2.3
2.3
2.3
2.3
2.2
2.2
2.2
2.2
2.2
2.2
2.2
2.3
2.3
2.3
2.3
2.2
2.2
2.2
2.2
2.2
2.2
2.3
2.3
2.3
2.3
2.3
2.2
2.2
2.2
2.2
2.2
2.2
2.3
2.3
2.3
4.5
2.2
2.2
2.2
2.2
2.2
2.2
2.3
2.3
2.3
2.3
2.2
2.2
2.2
2.2
2.2
2.2
2.2
2.3
2.3
2.3
2.3
2.2
2.2
2.2
4.4
2.2
2.2
2.3
2.3
2.3
2.2
2.2
2.2
2.2
2.2
2.2
2.2
2.3
2.3
2.3
2.3
2.3
2.2
2.2
2.2
2.2
2.2
2.2
2.3
2.3
2.3
2.3
2.2
2.2
2.2
2.2
2.2
2.2
2.2
2.3
2.3
2.3
2.3
2.2
2.2
2.9
2.3
2.3
2.3
2.3
2.2
2.2
2.2
2.2
2.2
2.2
2.2
2.3
2.3
2.3
2.3
2.2
2.2
2.2
2.2
2.2
2.2
2.3
2.3
2.3
2.3
2.3
2.2
2.2
2.2
2.2
2.2
2.2
2.3
2.3
2.3
2.3
2.2
2.2
2.2
2.2
2.2
2.2
2.2
2.3
2.3
2.3
2.3
2.2
2.2
2.2
2.2
2.2
2.2
2.2
2.3
2.3
2.3
2.3
2.2
2.2
2.2
2.2
2.2
2.2
2.2
2.3
2.3
2.3
2.3
2.2
2.2
2.2
2.2
2.2
2.2
2.3
2.3
2.3
2.3
2.3
2.2
2.2
2.2
2.2
2.2
2.2
2.3
2.3
2.3
2.3
1581.0
118.3
2.7
2.3
2.3
2.2
2.2
2.2
2.2
2.2
6.6
2.3
2.3
2.3
2.3
2.2
2.2
2.2
2.2
2.2
2.2
2.3
2.3
2.4
4.5
2.2
2.2
2.2
2.2
2.2
2.3
2.3
2.4
2.4
2.2
2.2
2.2
2.2
2.2
2.3
2.3
2.3
2.3
2.2
2.2
2.2
2.2
2.2
2.2
2.3
2.3
2.3
2.3
2.3
2.2
2.2
2.2
2.2
2.2
2.2
2.3
2.3
2.3
2.3
2.2
2.2
2.2
2.2
2.2
2.2
2.2
2.3
2.3
2.3
2.3
2.2
2.2
2.2
2.2
2.4
2.4
2.3
2.3
2.3
2.2
2.3
2.2
2.2
2.2
2.2
2.3
2.3
2.3
2.3
2.2
2.2
2.2
2.2
2.2
2.2
2.2
2.3
2.3
2.3
2.3
2.2
2.2
2.2
2.2
2.2
2.2
2.3
2.3
2.3
2.3
2.3
2.2
2.2
2.2
2.2
2.2
2.2
2.3
2.3
2.3
2.3
2.2
2.2
2.2
2.2
2.2
2.2
2.2
2.3
2.3
2.3
2.3
2.2
2.2
2.2
2.2
2.2
2.2
2.3
2.3
2.3
2.3
2.3
2.2
2.2
2.2
2.2
2.2
2.2
2.3
2.3
2.3
2.3
2.2
2.2
2.2
2.2
2.2
2.2
2.2
2.3
2.3
2.3
2.3
2.2
2.2
2.2
2.2
2.2
2.2
2.3
2.3
2.3
2.3
2.3
2.2
2.2
2.2
2.2
2.2
2.2
2.3
2.3
2.3
2.3
2.2
4.4
2.2
2.2
2.2
2.2
2.3
2.3
2.3
2.3
4.5
2.2
2.2
2.2
2.2
2.3
2.3
2.3
2.3
2.3
2.2
2.2
2.2
2.2
2.2
2.2
2.3
2.3
2.3
2.3
2.2
2.2
2.2
2.2
2.2
2.2
2.2
2.3
2.2
2.3
2.3
2.2
2.2
2.2
2.2
2.2
2.2
2.3
2.3
2.3
2.3
2.3
2.2
2.2
2.2
2.2
2.2
2.2
2.2
2.3
2.3
2.3
2.3
2.2
2.2
2.2
2.2
2.2
2.2
2.3
2.3
2.3
2.3
2.2
2.2
2.2
2.2
2.2
2.2
2.3
2.3
2.3
2.3
2.3
2.2
2.2
2.2
2.2
2.2
2.2
343.5
109.6
116.1
2.6
2.2
2.2
2.2
2.2
2.3
2.3
2.3
2.3
2.2
2.2
3.3
2.3
2.3
2.2
2.2
2.2
4.4
2.2
2.3
2.3
2.3
2.3
2.2
2.2
2.3
2.2
2.2
2.3
2.3
2.4
2.3
2.3
2.2
2.3
2.2
2.2
2.3
2.3
2.4
2.5
2.2
2.2
2.2
2.2
2.2
2.2
2.2
2.3
2.3
2.3
2.2
2.2
2.2
2.2
2.2
2.2
2.2
2.3
2.3
2.3
2.2
2.2
2.2
2.2
2.2
2.2
2.2
2.3
2.3
2.3
2.3
2.2
2.2
2.2
2.2
2.2
2.2
2.2
2.3
2.3
2.3
2.3
2.2
2.2
2.2
2.2
2.2
2.2
2.3
2.3
2.3
2.3
2.2
2.2
2.2
2.2
2.2
2.2
2.2
2.3
2.3
2.3
2.3
2.2
2.2
1053.6
166.6
2.7
2.2
2.2
2.2
2.2
2.2
2.2
2.2
2.2
2.2
2.2
2.2
2.2
2.2
2.2
2.2
4.4
2.2
2.2
2.2
2.2
2.2
2.2
2.2
2.2
2.2
2.2
2.2
2.2
4.4
2.3
2.2
2.3
2.2
2.2
2.2
2.2
2.2
2.2
2.2
2.2
2.2
2.2
2.2
2.2
2.2
2.2
2.2
2.2
2.2
2.2
4.4
2.2
2.2
2.2
2.2
2.2
2.2
2.2
2.2
2.2
2.2
2.2
2.2
2.3
2.2
2.2
2.2
2.2
2.2
2.2
2.2
2.2
2.2
2.2
2.2
2.2
2.2
2.2
2.2
2.2
2.2
2.2
2.2
2.2
2.2
2.2
2.2
2.2
2.2
2.2
2.2
49.3
2.6
2.2
361.7
2.6
267.0
2.7
133.2
137.1
2.6
2.3
2.3
2.3
2.3
2.2
2.2
2.2
2.2
2.2
2.2
2.3
2.7
2.4
2.2
2.3
2.2
2.2
2.3
2.3
2.3
2.3
2.2
2.2
2.2
2.2
2.2
2.2
2.3
2.3
2.3
2.3
2.3
2.2
2.2
2.2
2.2
2.2
2.2
2.2
2.3
2.3
2.3
2.3
2.2
2.2
2.2
2.2
2.2
2.2
2.3
2.3
2.3
2.3
2.2
2.2
2.2
2.2
2.2
2.2
2.2
2.3
2.3
2.3
2.3
2.2
2.2
2.2
2.2
2.2
2.2
2.2
2.3
2.3
2.3
2.3
2.2
2.2
2.2
2.2
2.2
2.2
2.3
2.3
2.3
2.3
2.3
2.2
2.2
2.2
2.2
2.2
2.2
2.3
2.3
2.3
2.3
2.2
2.2
2.2
2.2
689.1
2.6
2.2
2.2
2.2
2.2
2.3
2.3
2.3
2.3
2.2
2.2
2.4
2.2
2.2
2.2
2.3
2.3
2.3
2.4
2.4
2.2
2.2
2.2
2.2
2.3
2.3
2.3
2.3
2.2
2.2
2.2
2.2
2.2
2.2
2.2
2.3
2.3
2.3
2.3
2.2
2.2
2.2
2.2
2.2
2.2
2.3
2.3
2.3
2.3
2.3
2.2
2.2
2.2
2.2
2.2
2.2
2.2
2.3
2.3
2.3
2.3
2.2
2.2
2.2
2.2
2.2
2.2
2.3
2.3
2.3
2.3
2.2
2.2
2.7
2.2
2.3
2.3
2.3
2.3
2.3
2.2
2.2
2.2
2.2
2.2
2.2
2.3
2.3
2.3
2.3
2.3
2.2
2.2
2.2
2.2
2.2
2.2
2.2
2.2
6.9
2.2
2.2
2.2
2.2
2.2
2.3
2.3
2.3
2.3
2.2
2.2
2.2
2.2
2.2
2.2
370.9
149.9
2.9
2.2
2.4
2.3
2.3
2.3
2.3
2.3
2.2
2.2
2.2
4.7
2.3
2.3
2.8
2.2
2.3
2.2
2.2
2.2
2.3
2.3
2.3
2.3
2.2
2.2
2.2
2.2
2.2
2.5
2.3
2.3
2.3
2.2
2.2
2.2
2.3
15.1
2.3
2.3
2.3
2.3
2.3
2.3
2.3
2.3
2.3
2.3
2.4
2.3
2.3
2.3
2.3
2.3
4.7
2.3
2.3
2.3
2.3
2.3
2.3
2.3
2.3
2.3
2.3
2.3
2.3
2.3
2.3
2.3
2.3
2.3
2.3
2.3
2.3
2.3
2.3
2.3
2.3
2.3
2.3
2.3
2.3
2.3
4.6
2.3
2.3
2.3
2.3
2.3
2.3
2.3
2.3
2.3
2.3
2.3
2.3
6.9
2.3
2.3
2.3
2.3
2.3
2.3
2.3
2.3
2.3
2.3
2.3
2.3
4.5
4.5
2.3
2.3
2.3
2.3
2.3
2.3
2.3
2.3
2.3
2.3
2.3
2.3
2.3
2.3
2.3
2.3
2.3
2.3
2.3
2.3
2.3
2.3
2.3
2.3
2.3
2.3
2.3
2.3
2.3
2.3
2.3
2.3
2.3
2.3
2.3
2.4
2.3
2.3
2.3
2.3
2.3
2.3
2.3
2.3
2.4
2.3
2.3
2.3
2.3
2.3
2.3
2.3
2.3
2.3
2.3
2.3
2.3
2.3
2.3
2.3
2.3
2.3
2.3
2.3
2.3
2.3
2.3
2.3
2.3
2.3
2.3
2.3
2.3
2.3
2.3
2.3
2.3
2.3
2.3
2.3
2.3
2.3
2.3
2.3
2.3
2.3
2.3
2.3
2.3
2.3
2.3
2.3
2.3
2.3
2.3
2.3
2.3
2.3
2.3
2.3
2.3
2.3
2.3
2.3
2.3
2.3
2.3
2.3
2.3
2.3
2.3
2.3
2.3
2.3
2.3
2.3
2.3
2.3
12.3
12.3
12.3
12.3
12.3
12.3
12.3
12.3
2.3
2.3
2.3
2.3
2.3
2.3
2.3
2.3
2.3
2.3
2.3
2.3
2.3
2.3
2.3
2.3
2.3
2.3
2.3
2.3
2.3
2.3
2.3
2.3
2.3
2.3
2.3
2.3
2.3
2.3
2.3
2.3
2.3
2.3
2.3
2.3
2.3
2.3
2.3
2.3
2.3
2.3
2.3
2.3
2.3
2.3
2.3
2.3
4.7
2.3
4.6
2.3
2.3
2.3
2.3
81005.5
2.2
2.2
2.2
2.2
2.2
2.2
2.2
2.2
2.2
2.2
2.2
2.2
2.2
2.2
2.2
2.2
2.2
2.2
2.2
2.2
2.3
2.2
2.2
2.2
2.2
2.2
2.2
2.2
2.2
2.2
2.2
2.2
2.2
2.2
2.2
2.2
2.2
2.2
2.2
2.2
2.2
2.2
2.2
2.2
2.2
2.2
2.2
2.2
2.2
2.2
2.2
2.2
2.2
2.2
2.2
2.2
2.2
2.2
2.2
2.2
2.2
2.2
2.2
2.2
2.2
2.2
2.2
2.2
2.2
2.3
2.2
2.2
2.2
2.2
2.2
2.2
2.2
2.2
2.2
2.2
2.2
2.2
2.2
2.2
2.2
2.2
2.2
2.2
2.2
2.2
2.2
2.2
2.2
2.2
2.2
2.2
2.2
2.2
2.2
2.2
2.2
34.7
2.7
2.3
2.3
2.2
2.2
2.2
2.2
2.2
2.2
55.5
2.7
2.3
2.3
2.2
2.2
2.2
2.2
2.2
2.2
2.2
2.2
2.2
2.2
2.2
2.2
2.2
2.2
2.2
2.2
2.2
2.2
2.2
2.2
2.2
2.2
2.2
2.2
2.2
2.2
2.2
58.4
14.4
12.8
12.8
13.0
12.8
12.8
12.7
12.7
12.8
12.8
12.8
12.7
12.7
97.7
141.6
2.7
2.2
2.2
758.8
153.2
2.6
2.2
2.2
2.2
2.2
2.3
2.2
2.2
2.2
2.2
2.2
2.2
2.2
3.1
2.2
2.2
2.2
2.2
2.2
2.2
2.2
2.2
2.2
2.2
2.2
2.2
2.2
2.2
2.2
2.2
2.2
2.2
2.2
2.2
2.2
2.2
2.2
2.2
2.3
2.2
2.2
2.2
2.2
2.2
2.2
2.2
2.2
2.2
2.2
2.4
2.2
2.2
2.2
2.2
2.2
2.2
2.2
2.2
2.2
2.3
2.3
2.2
2.2
2.2
2.2
2.2
2.3
2.2
2.2
2.2
2.2
2.3
2.2
2.2
2.2
2.2
2.2
2.2
2.2
2.2
2.2
2.2
2.2
2.2
2.2
2.2
2.2
2.2
2.2
2.2
2.2
2.2
2.2
2.2
2.2
2.2
2.2
2.2
2.2
2.2
2.2
2.2
2.2
2.2
2.3
2.2
2.2
2.2
2.2
2.2
2.2
2.2
2.2
2.2
2.2
2.2
2.2
2.3
2.2
2.2
2.2
2.2
2.2
2.2
2.2
2.2
2.2
2.2
2.2
2.2
2.2
2.2
2.2
2.2
2.2
2.2
2.2
2.2
2.2
2.2
2.2
2.2
2.2
2.2
2.2
2.2
2.2
2.2
2.2
2.2
2.2
2.2
2.3
2.2
2.2
2.2
2.2
2.2
2.2
2.2
2.2
2.2
2.2
2.2
2.2
2.2
2.2
2.2
2.2
2.2
2.2
2.2
2.2
12.2
12.2
12.2
12.2
12.2
12.2
12.2
12.2
12.2
12.2
12.2
2.2
2.2
2.2
2.2
2.2
2.2
2.2
2.2
2.3
2.2
2.2
2.2
2.2
2.2
2.2
2.2
2.2
2.2
2.2
2.2
2.3
2.2
2.2
2.2
2.2
2.2
2.2
2.2
2.2
2.2
2.2
2.2
2.2
2.2
2.2
2.2
2.2
2.2
2.2
2.2
2.2
2.2
2.2
2.2
2.2
2.2
2.2
2.2
2.2
2.2
2.2
2.2
2.2
2.2
2.2
2.2
2.2
2.2
2.2
2.2
2.2
2.2
2.2
2.2
2.2
2.2
2.2
2.2
2.2
2.2
2.2
2.2
2.2
2.2
2.2
2.2
2.2
2.2
2.2
2.2
2.2
2.2
2.2
2.2
2.2
2.2
2.2
2.2
2.2
2.2
2.2
2.2
2.2
2.2
2.2
2.2
2.2
2.2
2.2
2.2
2.2
2.3
2.2
2.2
2.2
2.2
2.2
2.2
2.2
2.2
2.3
2.3
2.2
2.2
2.2
2.2
2.2
2.2
2.2
2.2
2.2
2.2
2.2
2.2
2.2
2.2
2.2
2.2
2.2
2.2
2.2
2.2
2.2
2.2
2.2
2.2
2.2
2.3
2.2
2.2
2.2
2.2
